16 16
 4 12 13  9     2  3  5 16     6  1 10  8    14 11  7 15    
 5  8 10  2     9  6 11  4    13 15 14  7    16  1  3 12    
14  3  1 11    13 15  8  7     4 16  5 12    10  2  6  9    
15  7  6 16    12 10  1 14     2  9  3 11     4  5  8 13    

 8 14  2  1     5 13 15 10    12  6  7  3     9  4 11 16    
 7 11 16  6    14  1  3  2     9 13  8  4    15 10 12  5    
12  5  4 10    16  9  6  8    11  2  1 15    13  3 14  7    
 3 13  9 15    11  4  7 12    10  5 16 14     6  8  1  2    

 2  4 14 13     6 11 10  3    16  8 12  5     7  9 15  1    
10  6 11  3     7  2 13  1    14  4 15  9     5 12 16  8    
 1 16  7  5     8 12  9 15     3 10  2  6    11 13  4 14    
 9 15  8 12     4 14 16  5     1  7 11 13     2  6 10  3    

 6  1  5 14    15 16 12  9     8 11  4  2     3  7 13 10    
16  2 12  7    10  5  4 13    15  3  6  1     8 14  9 11    
11  9 15  8     3  7 14  6     5 12 13 10     1 16  2  4    
13 10  3  4     1  8  2 11     7 14  9 16    12 15  5  6 