12  3  7 16     8 10  4 11     9  6 15  2     5 13  1 14    
 9  2 10  8    14 13 16 12     1 11  3  5     7  4  6 15    
 5  1 13  4     3  9 15  6     8 16 14  7    12 11  2 10    
14 11  6 15     7  1  2  5    10 12  4 13     9 16  3  8    

 8 16  3  6    10 11  7 13     4  9  2  1    14 12 15  5    
 4  9 12 14     1  6  3 15    11  8  5 10     2  7 13 16    
11 15  2 13     5 14  9 16     6  3  7 12     8  1 10  4    
 7  5  1 10     2  8 12  4    14 13 16 15     6  3  9 11    

 2 13  5  9    15 16  6 14     7 10 12  4     1  8 11  3    
15  8 16  3     4 12 10  2     5  1 11  6    13  9 14  7    
 6  4 11  7     9  3 13  1     2 14  8 16    10 15  5 12    
 1 10 14 12    11  5  8  7     3 15 13  9     4  2 16  6    

 3 12  9  5    16  2  1  8    15  4  6 14    11 10  7 13    
10 14  4  2    13  7 11  3    16  5  1  8    15  6 12  9    
13  7  8 11     6 15  5  9    12  2 10  3    16 14  4  1    
16  6 15  1    12  4 14 10    13  7  9 11     3  5  8  2   
